extrin
[[ 9.53751169e-01 -1.75156244e-01  2.44292852e-01 -8.12501118e+02]
 [ 9.09741394e-02 -6.06385875e-01 -7.89949287e-01  6.77247455e+02]
 [ 2.86500285e-01  7.75639388e-01 -5.62406549e-01  4.17399406e+03]]

world2cam
[[259. 193. 112.  42. 263. 194. 113.  45. 262. 191. 112.  44. 262. 192. 113.  42.]
 [327. 341. 337. 325. 326. 338. 334. 321. 314. 337. 336. 326. 303. 325. 331. 328.]]
cam
[[286. 189. 111.  40. 288. 195. 115.  46. 287. 192. 115.  42. 287. 191. 116.  41.]
 [314. 336. 336. 323. 312. 337. 336. 321. 319. 337. 340. 327. 307. 329. 334. 324.]]

分析：看起来shoulder关节点点不鲁棒，其他的关节经过匹配后准确度还不错

TODO
现在是求出了外参，还没有写完将vicon的数据转换为相机坐标系的部分
这部分请根据你所需要的数据集的格式要求来写